g   1   0   0   1
fm   0   1   1   0.5
m   0   1   0   1
s   0   0   1   1
ft   0   1   0   0.3
my   1   2   -1   1
min   0   0   1   60
inch   0   1   0   0.0254
yd   0   1   0   0.9144
mile   0   1   0   1609.344
ha   0   2   0   10000
ac   0   2   0   4046.86
l   0   3   0   0.001
gal   0   3   0   0.003685
bbl   0   3   0   0.1589
oz   0   3   0   0.00003
t   1   0   0   1000000
gr   1   0   0   0.064799
oz   1   0   0   28.349523
lb   1   0   0   453.59237
hour   0   0   1   3600
day   0   0   1   84600
week   0   0   1   604800
month   0   0   1   2678400
year   0   0   1   31536000
decade   0   0   1   315360000
generation   0   0   1   3153600000
척   0   1   0   0.84